<<PMCA SPECTRUM>>
TAG - live_data
DESCRIPTION - 
GAIN - 1
THRESHOLD - 7
LIVE_MODE - 0
PRESET_TIME - 180
LIVE_TIME - 180.000000
REAL_TIME - 180.493333
START_TIME - 05/07/2021 09:12:14
SERIAL_NUMBER - 4179
<<DATA>>
0
0
0
0
0
0
43
253
267
290
281
336
285
331
295
279
319
358
356
329
345
384
363
315
372
360
392
461
524
587
655
708
637
603
623
572
547
538
508
555
511
567
596
554
596
613
616
675
668
650
656
690
646
648
626
654
668
627
636
687
669
664
656
666
685
645
690
667
647
672
699
671
707
635
683
659
647
628
625
609
642
592
625
573
558
587
597
574
546
593
563
546
580
566
550
552
531
502
522
511
488
518
500
514
485
482
485
516
474
460
445
448
458
430
475
411
425
435
446
433
408
410
414
387
405
409
419
389
397
397
360
399
402
364
383
425
339
403
353
351
348
360
313
321
327
352
321
349
344
300
366
323
340
316
306
301
276
329
288
258
302
271
242
246
228
217
219
211
217
186
160
141
146
139
132
158
145
124
139
142
117
147
107
91
105
113
92
121
99
86
97
84
91
93
97
68
87
77
90
89
82
97
74
80
85
81
100
108
89
123
132
150
158
200
225
310
322
391
427
485
564
667
756
837
892
927
987
1011
1116
1051
1116
1105
1028
1033
951
897
791
681
658
546
481
413
326
267
216
173
127
100
81
56
55
27
24
22
19
11
14
10
8
12
10
8
8
6
6
8
4
6
6
10
10
6
9
4
10
6
7
5
6
10
4
5
8
7
3
3
7
4
9
8
4
6
6
7
5
6
8
1
4
6
6
6
14
8
8
7
3
7
5
6
5
8
12
4
5
7
9
1
8
4
6
7
2
5
7
2
4
4
6
4
5
4
3
4
2
6
5
6
7
1
5
5
3
2
5
5
3
3
6
7
4
1
4
5
2
6
4
4
3
6
0
6
3
6
1
3
3
6
6
3
2
1
2
6
4
3
5
3
5
8
1
5
1
3
2
6
1
6
3
1
0
7
6
5
3
3
5
3
5
1
5
2
4
2
8
3
3
4
4
1
3
1
3
2
3
3
1
1
2
1
3
1
1
5
3
5
4
2
1
1
4
2
2
1
4
3
4
4
1
4
0
1
1
3
2
2
3
5
3
3
2
1
4
0
4
1
4
1
0
5
1
2
2
3
2
2
2
2
5
2
3
4
4
5
2
3
6
2
8
5
4
3
2
3
5
2
7
1
8
3
7
7
2
3
3
1
0
0
0
0
0
0
0
0
0
0
0
0
0
0
0
0
<<END>>
