<<PMCA SPECTRUM>>
TAG - live_data
DESCRIPTION - 
GAIN - 1
THRESHOLD - 7
LIVE_MODE - 0
PRESET_TIME - 180
LIVE_TIME - 180.000000
REAL_TIME - 180.640000
START_TIME - 05/07/2021 09:04:33
SERIAL_NUMBER - 4179
<<DATA>>
0
0
0
0
0
0
46
330
367
435
555
956
1922
2865
2473
1675
991
732
507
454
404
448
446
435
497
470
462
503
557
509
485
528
547
580
600
593
610
642
704
639
677
679
731
773
774
794
758
790
799
815
879
834
843
812
856
841
821
867
836
800
812
803
817
780
818
844
774
833
901
846
912
877
869
844
860
837
811
780
813
826
773
744
780
762
748
756
756
807
742
764
727
678
684
708
648
709
688
683
667
688
642
638
624
590
593
649
619
610
610
578
527
528
526
579
554
524
549
517
524
479
476
480
507
492
490
452
489
455
467
451
431
441
432
464
411
436
414
441
440
389
418
410
419
373
365
393
370
424
391
397
344
406
411
356
338
344
327
351
363
353
309
302
281
262
265
241
206
230
189
212
200
194
150
157
146
127
145
120
102
106
107
109
89
103
104
79
82
84
78
68
65
73
59
74
73
54
67
66
72
65
64
77
65
70
70
71
106
99
96
123
116
164
179
259
339
346
410
490
580
616
752
868
1026
1096
1230
1339
1422
1546
1561
1548
1548
1509
1518
1453
1351
1236
1162
973
888
734
659
559
445
363
310
258
192
137
110
86
59
49
25
31
11
11
12
10
10
9
12
8
11
12
8
5
3
10
9
9
8
5
5
9
4
4
6
8
8
6
2
5
7
8
2
5
10
3
1
6
7
7
3
6
6
4
5
8
9
6
6
4
5
6
8
3
7
7
5
10
3
4
3
8
6
3
5
4
5
6
3
8
3
3
5
6
7
4
3
3
5
3
4
6
3
5
7
7
4
3
4
4
7
4
5
4
5
2
3
4
2
2
2
3
3
3
6
4
1
4
4
4
3
2
3
0
5
4
1
3
2
2
2
5
3
3
7
5
5
5
6
4
1
3
4
3
4
3
5
0
6
2
7
3
4
4
2
7
3
4
4
2
2
2
4
1
2
5
2
6
2
1
2
2
3
1
3
1
3
2
3
4
2
1
2
0
5
5
8
2
4
1
0
2
3
3
2
0
4
1
3
1
1
2
4
2
1
0
1
3
1
5
2
1
3
0
4
3
4
3
0
1
2
0
3
3
2
0
6
0
1
1
5
1
4
4
5
2
2
2
4
3
0
2
3
3
7
2
7
6
5
5
3
2
3
2
0
0
0
0
0
0
0
0
0
0
0
0
0
0
0
0
<<END>>
