<<PMCA SPECTRUM>>
TAG - live_data
DESCRIPTION - 
GAIN - 1
THRESHOLD - 7
LIVE_MODE - 0
PRESET_TIME - 180
LIVE_TIME - 180.000000
REAL_TIME - 180.280000
START_TIME - 05/07/2021 09:21:52
SERIAL_NUMBER - 4179
<<DATA>>
0
0
0
0
0
0
25
151
175
149
168
179
198
179
185
194
197
173
194
187
216
196
224
233
224
234
245
293
284
337
389
391
377
336
352
345
337
316
362
357
374
335
344
364
386
384
398
416
372
404
408
438
428
397
403
398
414
388
451
390
423
393
390
416
375
418
399
374
403
407
432
459
433
429
390
394
400
378
408
376
365
385
366
375
342
348
356
323
318
305
315
313
311
298
286
311
280
301
284
313
286
261
286
262
277
245
245
232
246
265
255
249
228
224
223
213
250
198
227
221
197
230
222
214
245
216
194
218
204
215
204
223
195
212
201
209
181
173
185
221
181
177
218
181
176
207
188
187
196
199
181
196
176
171
160
179
170
138
153
195
154
171
157
119
116
134
116
140
116
126
106
104
123
98
116
108
117
103
95
93
81
83
95
68
75
90
71
74
82
93
86
66
64
88
74
95
71
77
82
79
77
76
82
74
66
81
79
79
86
80
93
106
117
119
133
162
197
196
253
257
314
314
357
364
405
461
505
518
545
540
510
494
480
477
440
403
359
344
296
269
249
174
156
120
108
84
55
47
42
21
31
21
17
15
11
13
12
7
13
8
5
4
8
5
8
10
3
3
10
5
6
7
1
6
8
6
5
4
10
5
3
5
7
6
11
7
6
11
3
7
7
5
8
5
5
3
6
8
3
3
4
11
2
7
10
5
5
5
7
4
5
7
4
4
5
7
5
4
7
3
9
7
1
1
5
2
6
7
6
4
2
9
7
3
7
2
1
5
3
4
3
3
7
3
5
4
2
4
5
3
3
5
7
4
7
6
4
4
2
4
6
4
5
3
4
5
4
2
3
4
1
3
4
6
2
4
5
5
0
4
3
8
2
2
6
2
1
2
6
4
2
9
3
3
5
5
0
3
4
2
8
3
1
2
2
6
3
1
2
1
3
0
4
5
3
3
1
1
1
2
3
2
5
2
1
2
3
1
2
1
3
1
1
3
0
1
1
3
0
3
5
1
3
1
2
1
0
0
1
1
1
4
1
4
3
3
1
1
1
0
2
4
2
3
3
1
4
2
5
4
3
1
2
4
1
0
3
3
2
4
0
6
1
3
5
4
5
3
1
5
9
4
7
1
4
5
0
0
0
0
0
0
0
0
0
0
0
0
0
0
0
0
<<END>>
