<<PMCA SPECTRUM>>
TAG - Test
DESCRIPTION - ATOMKI MCA Record
GAIN - 2
THRESHOLD - 32
LIVE_MODE - 0
PRESET_TIME - 1000
LIVE_TIME - 779
REAL_TIME - 780
START_TIME - 01/04/2002 19:32:47
SERIAL_NUMBER - 0
<<DATA>>
0
0
0
0
0
0
0
0
0
0
0
0
0
0
0
0
0
0
0
0
0
0
0
0
0
0
0
1
0
0
2
2
2
4
0
0
6
2
1
2
4
1
1
2
1
4
1
6
1
1
1
0
4
3
0
3
0
1
0
1
2
1
1
1
4
1
2
1
0
1
1
2
0
1
0
2
0
0
2
2
1
1
1
2
1
2
0
1
0
1
1
0
1
1
2
1
1
0
2
2
0
0
0
1
0
1
1
3
1
1
0
0
2
0
2
0
1
0
2
1
2
0
0
1
0
1
0
2
0
1
0
0
0
1
1
1
0
0
4
0
0
1
0
1
1
0
1
0
3
1
0
2
0
2
0
0
2
1
2
2
0
2
1
3
2
0
0
3
1
2
1
0
0
0
0
1
1
1
1
1
0
2
1
1
5
1
0
1
3
1
1
1
3
0
0
2
0
1
1
2
0
1
1
3
1
0
3
2
1
1
1
3
0
1
1
0
4
0
0
1
2
3
4
1
2
2
2
5
0
1
2
0
4
4
2
2
1
3
1
4
2
5
4
1
1
6
3
3
2
1
3
1
0
2
2
0
4
1
5
2
0
1
0
2
1
4
3
3
2
1
3
2
0
3
3
1
3
1
4
5
0
3
3
5
3
2
5
2
4
6
2
0
4
4
2
1
3
2
8
2
2
5
6
2
5
0
3
3
3
4
4
6
7
8
5
3
4
4
5
3
4
3
10
6
4
7
4
6
9
6
8
6
14
12
8
5
9
14
15
20
14
18
18
22
20
25
28
31
31
33
43
43
38
41
44
52
50
70
59
80
72
80
99
84
89
102
118
105
106
117
144
149
173
152
185
172
200
207
219
246
239
250
268
266
288
300
314
345
386
392
374
392
421
452
496
523
557
591
611
679
679
708
706
779
797
905
906
1016
996
1078
1150
1257
1267
1343
1277
1427
1419
1404
1409
1484
1389
1279
1137
930
697
473
337
173
102
67
39
17
21
13
15
19
11
16
19
13
17
13
22
16
19
16
15
16
18
18
12
16
12
13
14
14
20
24
18
25
18
21
14
35
14
27
23
32
36
33
30
42
37
38
39
51
43
48
64
51
52
71
69
79
101
103
106
125
144
191
255
322
415
565
841
1161
1716
2278
3127
3853
3980
3495
2602
1613
979
609
447
338
408
511
785
878
852
1287
1956
3599
4958
5029
7703
15076
22859
11291
2432
1388
967
577
322
54
0
0
0
0
0
0
0
0
0
0
0
0
0
0
0
0
0
0
0
0
1
0
0
0
1
0
0
0
0
0
0
0
0
0
0
0
0
0
1
0
0
0
0
0
0
0
0
0
0
0
0
1
1
0
3
0
0
0
0
0
0
0
0
0
0
0
0
0
0
1
0
0
0
0
0
0
0
0
0
0
0
0
0
0
0
0
0
0
0
0
0
0
0
0
0
0
0
0
1
0
0
0
0
0
0
0
0
0
0
0
0
0
0
0
0
0
0
0
0
0
0
0
0
1
0
0
0
0
1
0
0
1
0
0
0
0
0
0
0
0
0
0
0
0
0
0
0
0
0
0
0
0
0
1
0
1
0
1
0
0
0
0
0
0
0
0
0
0
0
0
0
0
0
0
0
1
0
0
0
0
0
0
0
0
0
0
0
0
0
0
0
0
0
0
0
0
0
0
0
0
0
0
0
0
0
0
0
0
0
0
0
0
0
0
1
0
0
0
0
0
0
0
0
1
0
0
0
0
0
0
0
0
0
0
0
0
0
1
0
0
0
0
0
0
1
0
0
0
0
0
0
0
0
0
0
0
0
0
0
0
0
0
0
0
0
0
0
0
0
0
0
0
0
0
0
0
0
0
0
0
0
0
1
0
0
0
1
0
0
0
0
0
0
0
1
0
0
0
0
0
0
0
1
0
0
0
1
0
0
0
0
0
0
0
0
0
0
0
0
0
0
0
0
0
0
0
0
0
0
0
0
1
0
0
0
0
0
0
0
0
0
0
0
0
0
0
0
0
0
1
0
0
0
0
0
0
0
0
0
0
0
0
0
0
0
0
0
0
0
0
0
0
0
0
0
0
0
0
0
0
0
0
0
0
0
0
1
0
2
0
0
0
0
0
0
0
0
0
0
1
0
0
0
0
0
0
0
0
0
0
0
0
0
0
0
0
0
1
0
0
0
0
0
0
0
0
0
0
0
0
0
0
0
0
0
0
0
0
0
0
0
0
0
0
1
0
0
0
0
0
1
0
0
0
0
0
0
0
0
0
0
0
0
0
0
0
1
0
0
0
0
0
0
0
0
0
0
0
0
0
0
0
0
0
0
0
0
0
0
0
0
0
0
0
0
0
<<END>>
<<HARDWARE SETUP>>
FIRSTPEAK - 1
PROTECTTIMEENABLE - 0
PILEUPLOSSCORRECTION - 0
PILEUPREJECTION - 0
PEAKINGTIME - 42.333333
<<END>>