<<PMCA SPECTRUM>>
TAG - Test
DESCRIPTION - ATOMKI MCA Record
GAIN - 2
THRESHOLD - 32
LIVE_MODE - 0
PRESET_TIME - 1000
LIVE_TIME - 180
REAL_TIME - 181
START_TIME - 01/04/2002 19:43:44
SERIAL_NUMBER - 0
<<DATA>>
0
0
0
0
0
0
0
0
0
0
0
0
0
0
0
0
0
0
0
0
0
0
0
0
0
0
0
0
0
0
0
0
0
0
1
0
0
0
0
0
1
2
0
1
1
1
0
0
0
1
0
1
0
0
1
0
0
0
1
0
0
0
0
0
0
0
0
1
0
0
0
1
0
0
0
0
0
0
0
0
0
0
0
0
0
0
0
0
0
0
0
0
2
0
0
0
0
0
0
0
0
0
0
0
2
1
0
0
1
0
1
0
0
0
0
0
0
1
1
1
0
0
1
0
0
0
0
0
0
0
0
0
0
1
1
0
0
0
0
0
0
0
0
0
0
0
0
1
0
0
1
0
0
1
1
0
1
0
0
0
0
0
0
1
1
0
1
0
0
0
0
1
0
0
2
0
1
1
0
0
0
0
0
0
0
0
0
0
0
0
0
0
1
0
0
0
0
0
1
0
0
0
0
0
0
1
0
0
1
0
0
0
0
0
0
0
0
0
1
0
0
0
0
0
1
0
1
0
0
0
0
0
0
0
0
0
0
0
1
0
0
0
0
0
0
0
0
0
2
0
0
0
0
0
0
0
0
0
1
0
0
0
0
0
1
0
2
1
1
0
0
0
0
0
0
0
0
1
1
1
0
0
0
0
0
0
1
1
0
0
0
0
0
1
0
1
0
1
0
0
0
0
0
1
1
0
0
0
0
0
0
0
0
1
0
0
0
0
0
2
1
0
0
0
0
0
1
0
1
1
0
1
0
0
0
0
2
0
0
1
2
0
0
1
0
1
1
0
2
2
1
0
0
1
1
1
3
0
2
0
2
0
1
1
1
1
1
1
1
1
0
2
0
1
0
2
0
1
1
0
1
3
4
1
2
2
0
2
1
2
1
2
4
3
3
2
2
0
2
2
4
3
5
6
3
3
5
6
6
8
4
7
5
7
7
2
2
10
5
8
8
9
9
9
10
14
14
13
16
14
15
29
19
14
15
11
16
18
21
18
28
37
37
33
40
48
33
60
50
63
53
57
71
55
76
76
98
94
97
83
105
101
119
125
137
136
150
165
185
170
185
211
224
225
228
260
246
256
286
283
291
284
304
307
278
305
312
254
276
267
239
221
224
190
207
198
230
268
416
659
1257
3228
8428
6560
359
0
0
0
0
0
0
0
0
0
0
1
0
0
0
0
0
0
0
0
0
0
0
0
0
0
0
0
0
0
0
0
0
0
0
0
0
0
0
0
0
0
0
0
0
0
0
0
0
0
0
0
0
0
0
0
0
0
0
0
0
0
0
0
0
0
0
0
0
0
0
0
0
0
0
0
0
0
1
0
0
0
0
0
0
0
0
0
0
0
0
0
0
0
0
0
0
0
0
0
0
0
0
0
0
0
0
0
0
0
0
0
0
0
0
0
0
0
0
0
0
0
0
0
0
0
0
0
0
0
0
0
0
0
0
0
0
0
0
0
0
0
0
0
0
0
0
0
0
0
0
0
0
0
0
0
0
0
0
0
0
0
0
0
0
0
0
0
0
0
0
0
0
0
0
0
0
0
0
0
0
0
0
0
0
0
0
0
0
0
0
0
0
1
0
0
0
0
0
0
0
0
0
0
0
0
0
0
0
0
0
0
0
0
0
0
0
1
0
0
1
0
0
0
0
0
0
0
0
0
0
0
0
0
0
0
0
0
0
0
0
0
0
0
0
0
0
0
0
0
0
0
0
0
0
0
0
0
0
0
0
0
0
0
0
0
0
0
0
0
0
0
0
0
0
0
0
0
0
0
0
0
0
0
0
0
0
0
0
0
0
1
0
0
1
0
0
0
0
0
0
0
0
0
0
0
0
0
0
0
0
0
0
0
0
0
0
0
0
0
0
0
0
0
1
0
0
0
0
0
0
0
0
0
0
0
0
0
0
0
0
0
0
0
0
0
0
0
0
0
0
0
0
0
0
0
0
0
0
0
0
0
0
0
0
0
0
0
0
0
0
0
0
0
0
0
0
0
0
0
0
0
0
0
0
0
0
0
0
0
0
0
0
0
0
0
0
0
0
0
0
0
0
0
0
0
0
0
0
0
0
0
0
0
0
0
0
0
0
0
0
0
0
0
0
0
0
0
0
0
0
0
0
0
0
0
0
0
0
0
0
0
0
0
0
0
0
0
0
0
0
0
0
0
0
0
0
0
0
0
0
0
0
0
1
0
0
0
0
0
0
0
0
0
0
1
0
0
0
0
0
0
0
0
0
0
0
0
0
0
1
0
0
0
0
0
0
0
0
0
0
0
0
0
0
0
0
0
0
0
0
0
0
0
0
0
0
0
0
0
<<END>>
<<HARDWARE SETUP>>
FIRSTPEAK - 1
PROTECTTIMEENABLE - 0
PILEUPLOSSCORRECTION - 0
PILEUPREJECTION - 0
PEAKINGTIME - 42.333333
<<END>>