<<PMCA SPECTRUM>>
TAG - Test
DESCRIPTION - ATOMKI MCA Record
GAIN - 2
THRESHOLD - 32
LIVE_MODE - 0
PRESET_TIME - 1000
LIVE_TIME - 616
REAL_TIME - 617
START_TIME - 01/04/2002 20:11:50
SERIAL_NUMBER - 0
<<DATA>>
0
0
0
0
0
0
0
0
0
0
0
0
0
0
0
0
0
0
0
0
0
0
0
0
0
0
1
6
9
13
8
8
17
15
20
10
17
22
16
21
16
14
18
15
14
6
12
11
16
12
11
12
9
11
11
12
10
11
7
12
16
8
4
7
13
3
8
8
6
5
6
7
5
6
4
4
5
6
3
1
4
4
4
3
4
5
2
5
0
1
2
4
3
2
2
0
1
2
1
1
1
7
1
0
1
4
0
0
0
1
0
0
0
0
1
1
0
2
2
2
1
0
0
0
0
0
0
0
0
2
0
0
0
1
0
0
0
0
1
0
0
0
0
0
0
0
0
0
0
0
1
1
0
0
0
0
0
0
0
0
1
0
0
0
0
1
1
0
0
0
0
0
0
0
0
0
0
0
1
0
1
0
0
0
0
0
0
0
0
0
0
0
0
0
0
0
0
0
0
0
0
0
0
0
0
0
0
0
0
0
0
0
0
1
0
0
0
0
0
1
0
1
1
0
0
0
0
1
0
1
0
0
0
0
0
0
0
0
0
1
0
0
0
0
0
1
1
0
0
0
0
0
0
0
0
1
0
0
0
0
1
0
1
0
0
0
0
0
1
0
0
0
0
1
0
0
0
0
0
0
0
0
0
0
0
0
0
1
0
1
0
0
0
0
1
1
0
0
0
0
0
0
0
0
0
0
1
0
1
0
0
0
0
0
0
0
0
0
0
0
0
1
0
0
0
0
0
0
0
0
0
0
0
0
0
0
0
1
0
0
1
0
1
1
0
0
2
0
0
0
0
1
2
1
0
0
0
0
0
0
2
0
1
0
0
0
0
0
0
0
1
1
0
0
1
0
0
0
0
0
0
0
0
0
0
1
1
0
0
0
0
0
0
0
0
1
0
0
0
0
0
0
0
0
0
0
1
0
1
0
1
0
0
0
0
1
0
0
0
0
1
0
0
0
0
2
0
0
1
0
0
1
1
0
0
1
2
0
0
0
3
0
0
1
0
1
0
1
0
1
1
1
1
2
2
0
0
1
0
0
1
1
0
2
0
1
1
0
1
1
0
3
2
1
3
2
0
2
2
2
0
0
1
2
3
3
2
3
4
3
3
4
6
6
5
17
34
67
101
48
30
53
122
205
229
137
74
42
14
18
34
47
106
220
227
121
22
25
13
20
37
24
6
2
2
0
2
2
0
0
3
6
6
8
8
8
38
56
120
227
298
161
11
3
1
1
3
0
1
1
3
1
0
0
1
2
1
1
4
0
0
1
0
1
1
0
1
1
2
1
1
9
8
11
24
41
49
42
21
35
25
20
3
1
2
2
3
1
2
4
2
5
5
3
7
13
26
54
123
233
267
114
22
21
5
0
1
0
0
0
0
0
0
1
0
0
0
0
1
1
1
1
2
0
1
3
0
0
1
0
3
0
0
0
0
1
1
2
5
2
2
7
8
8
17
29
73
165
257
245
90
47
15
5
0
0
0
0
0
0
0
0
0
0
0
0
0
0
0
0
0
0
1
0
0
0
0
0
0
0
0
0
0
0
0
0
0
0
0
0
0
0
0
0
0
0
0
0
0
0
0
0
0
0
0
0
0
0
0
0
0
0
0
0
0
0
0
0
0
0
0
0
0
0
0
0
0
0
0
0
0
0
0
0
0
0
0
0
0
0
0
0
1
0
0
0
0
0
0
0
0
0
0
0
1
0
0
0
0
0
0
0
0
0
0
0
1
0
1
0
0
1
0
0
0
0
0
0
0
0
0
1
1
0
0
0
0
0
0
0
0
0
0
0
0
1
0
0
0
0
0
0
0
0
0
0
0
0
0
1
0
1
0
0
0
0
0
0
1
0
0
0
0
0
0
0
0
2
0
0
0
1
0
0
2
0
0
0
1
2
2
2
3
13
11
24
66
121
137
62
5
0
1
2
0
1
0
2
0
2
1
0
1
0
1
1
1
2
1
2
2
1
1
2
0
1
2
1
3
0
0
1
4
2
1
0
1
1
2
2
0
0
1
0
0
0
0
2
0
1
2
0
1
0
0
0
0
0
0
0
1
1
1
5
0
1
1
1
0
0
0
0
0
0
0
0
1
1
0
0
2
1
2
0
0
0
0
0
0
0
1
1
0
0
0
0
0
0
0
0
0
0
0
0
0
0
0
0
0
0
0
0
0
0
1
0
0
0
0
0
0
0
0
0
0
1
0
0
0
0
0
0
0
0
0
0
0
0
0
0
0
1
0
0
0
0
0
0
0
0
0
0
0
0
0
0
0
0
0
0
0
0
0
0
0
0
0
0
0
0
0
0
0
0
<<END>>
<<HARDWARE SETUP>>
FIRSTPEAK - 1
PROTECTTIMEENABLE - 0
PILEUPLOSSCORRECTION - 0
PILEUPREJECTION - 0
PEAKINGTIME - 42.333333
<<END>>