<<PMCA SPECTRUM>>
TAG - live_data
DESCRIPTION - 
GAIN - 1
THRESHOLD - 7
LIVE_MODE - 0
PRESET_TIME - 180
LIVE_TIME - 180.000000
REAL_TIME - 180.386667
START_TIME - 05/07/2021 09:08:15
SERIAL_NUMBER - 4179
<<DATA>>
0
0
0
0
0
0
21
195
189
236
239
253
233
256
233
256
252
241
272
260
320
274
296
292
301
276
346
384
440
491
469
477
486
450
433
471
437
422
412
430
463
470
475
488
520
524
528
497
572
519
542
551
563
534
502
519
522
543
542
532
515
540
497
511
511
565
555
568
573
542
512
587
520
547
572
510
512
505
481
543
439
506
513
484
446
472
458
458
450
457
428
431
425
421
417
369
380
410
387
384
427
361
393
397
361
395
345
386
340
354
373
389
328
320
314
312
345
365
369
309
338
317
342
305
308
336
291
318
267
301
305
275
266
293
299
252
253
270
293
285
265
263
268
254
268
246
270
257
238
222
271
241
255
242
228
231
235
242
234
220
210
185
189
175
193
196
191
167
153
151
142
154
131
126
143
116
122
111
100
106
120
107
103
107
92
94
84
107
85
100
98
91
93
97
97
91
67
89
83
94
87
82
73
88
87
115
86
80
125
111
135
135
161
180
200
208
222
313
331
421
428
459
513
604
624
677
733
741
760
820
797
803
795
687
701
661
595
487
450
415
335
262
218
198
154
95
78
76
64
44
36
23
30
10
13
8
13
9
4
8
7
10
11
6
4
4
13
8
3
9
4
6
5
9
4
5
3
8
7
10
9
2
8
3
6
4
7
7
9
6
4
3
3
3
5
9
4
3
4
2
3
6
3
7
7
4
3
8
2
1
4
6
9
4
7
5
4
5
6
5
10
9
9
9
5
3
6
1
4
6
7
8
1
2
6
2
3
3
6
3
4
3
9
6
8
4
6
3
9
2
7
3
3
7
3
3
3
3
4
1
5
7
4
6
5
5
3
4
3
3
4
7
6
2
3
4
5
4
5
4
2
3
3
1
3
0
4
3
6
5
8
3
2
5
3
1
2
3
2
2
6
3
2
2
5
4
3
8
3
0
3
2
3
1
1
5
1
2
1
2
0
3
4
4
3
2
3
1
1
3
1
1
3
2
2
2
1
1
4
1
2
2
1
3
3
2
3
2
3
3
2
2
3
3
2
2
2
2
0
1
1
1
2
5
1
2
1
1
1
2
2
4
2
5
5
1
9
2
6
6
3
1
4
2
6
3
6
4
5
2
3
4
5
9
3
4
0
0
0
0
0
0
0
0
0
0
0
0
0
0
0
0
<<END>>
