<<PMCA SPECTRUM>>
TAG - live_data
DESCRIPTION - 
GAIN - 1
THRESHOLD - 7
LIVE_MODE - 0
PRESET_TIME - 180
LIVE_TIME - 180.000000
REAL_TIME - 180.573333
START_TIME - 05/07/2021 09:15:45
SERIAL_NUMBER - 4179
<<DATA>>
0
0
0
0
0
0
39
295
319
352
363
395
374
392
371
400
390
379
345
426
395
415
437
405
430
419
505
586
674
715
828
823
778
736
706
697
614
614
591
636
664
670
664
707
717
687
703
715
721
797
762
792
809
759
758
791
803
758
830
812
760
760
737
703
725
768
781
766
799
819
845
838
767
815
827
784
774
758
756
760
751
690
759
655
663
777
660
709
687
671
668
712
676
684
678
640
645
624
646
644
637
603
609
639
593
592
594
584
544
581
538
562
520
541
520
516
513
500
512
498
519
470
471
470
469
444
427
446
438
462
426
380
413
402
442
405
427
428
407
402
391
411
386
416
385
387
382
369
381
372
359
351
364
352
338
356
317
330
343
287
304
308
254
274
248
230
196
226
198
183
201
153
148
156
165
145
132
135
111
127
124
85
132
105
112
90
84
93
94
79
95
68
87
76
85
74
65
81
73
71
72
67
66
70
81
93
93
87
107
107
131
151
168
212
258
304
392
424
515
621
681
764
912
938
1057
1189
1242
1353
1348
1440
1396
1393
1358
1268
1183
1165
1017
914
818
712
578
550
426
382
288
246
172
144
93
93
43
39
31
33
22
14
13
8
10
11
10
6
8
8
6
11
10
10
7
7
7
9
5
3
4
5
8
5
6
11
6
8
8
6
7
4
5
5
6
6
5
6
4
3
6
5
4
8
3
6
2
8
9
9
3
5
3
5
6
6
7
5
6
4
8
3
5
4
7
3
7
4
3
0
6
6
3
5
7
6
4
4
4
5
1
5
5
7
4
7
2
3
5
3
4
4
4
4
2
5
2
2
8
4
2
0
4
5
3
4
6
5
2
4
3
5
5
2
6
3
2
6
4
3
2
7
1
4
6
6
5
5
3
4
6
4
2
2
4
5
0
7
4
3
4
0
3
1
1
2
4
2
5
5
2
3
3
4
3
4
2
2
2
4
2
2
1
5
1
3
1
0
1
6
2
2
2
2
3
1
1
2
1
2
1
0
3
3
3
1
1
5
2
4
2
0
3
0
1
1
1
0
2
1
2
9
0
4
3
1
0
2
0
0
3
2
3
5
3
2
1
5
5
3
1
2
3
2
5
1
4
3
5
5
3
0
0
4
3
4
1
5
3
3
5
9
0
0
0
0
0
0
0
0
0
0
0
0
0
0
0
0
<<END>>
