<<PMCA SPECTRUM>>
TAG - live_data
DESCRIPTION - 
GAIN - 1
THRESHOLD - 7
LIVE_MODE - 0
PRESET_TIME - 180
LIVE_TIME - 180.000000
REAL_TIME - 180.066667
START_TIME - 05/07/2021 08:42:30
SERIAL_NUMBER - 4179
<<DATA>>
0
0
0
0
0
0
7
33
35
37
54
42
39
42
55
44
48
54
65
60
56
77
105
96
79
94
98
120
138
150
155
144
151
183
154
181
181
209
201
172
208
205
234
272
322
387
416
384
363
324
307
224
207
190
180
172
146
170
153
149
147
117
123
120
123
132
130
123
145
126
114
135
123
111
92
92
102
85
111
118
102
91
90
100
82
84
87
83
78
74
57
77
74
75
61
52
68
62
60
58
50
57
60
48
68
56
44
61
42
46
55
60
36
40
48
46
36
49
32
32
36
38
34
39
45
34
31
33
43
41
33
24
29
28
31
26
47
32
22
27
19
24
22
24
19
28
18
24
16
18
21
26
12
26
26
18
25
28
20
18
18
16
17
16
11
17
21
16
12
21
26
25
17
21
19
16
16
29
19
16
25
22
20
12
16
14
23
15
15
8
16
15
11
4
22
10
12
11
14
20
21
15
13
16
17
11
16
17
17
11
10
11
8
18
14
10
15
19
14
14
14
9
19
10
21
15
9
8
21
17
15
15
14
13
8
19
7
10
12
11
8
13
14
10
15
10
13
11
6
4
7
6
12
5
8
5
8
10
9
7
6
7
7
2
11
9
6
12
6
10
10
5
6
2
8
5
11
6
8
5
5
8
3
8
2
8
2
4
3
2
4
7
7
0
3
2
6
4
5
5
4
8
9
6
5
3
4
5
2
6
1
5
3
4
2
5
12
7
4
5
4
5
8
8
1
3
6
5
4
2
8
0
6
5
1
7
3
1
6
3
6
3
10
4
5
6
1
3
7
6
5
7
3
8
4
2
9
6
3
4
2
1
2
3
7
1
5
2
5
5
9
2
7
7
4
5
5
4
2
7
3
6
2
7
5
2
3
3
2
3
6
1
1
1
4
3
3
6
7
2
5
4
7
1
2
4
7
3
2
0
2
2
4
2
3
1
1
5
3
2
4
3
2
5
4
4
2
3
1
2
3
5
1
2
4
3
3
0
0
3
2
3
2
3
3
2
4
0
0
3
1
2
1
0
2
2
4
1
3
2
1
1
3
5
2
4
2
3
2
4
4
4
3
5
0
4
3
3
6
7
4
4
1
4
3
4
3
3
5
2
4
4
2
6
5
3
0
0
0
0
0
0
0
0
0
0
0
0
0
0
0
0
<<END>>
