<<PMCA SPECTRUM>>
TAG - live_data
DESCRIPTION - 
GAIN - 1
THRESHOLD - 7
LIVE_MODE - 0
PRESET_TIME - 180
LIVE_TIME - 180.000000
REAL_TIME - 180.840000
START_TIME - 05/07/2021 08:56:59
SERIAL_NUMBER - 4179
<<DATA>>
0
0
0
0
0
0
52
355
360
362
406
401
422
424
437
420
445
365
429
396
431
429
410
426
448
423
519
519
497
565
585
580
505
606
647
649
603
651
640
700
704
749
769
758
788
824
770
872
895
927
823
936
935
977
931
904
974
989
943
868
968
901
874
913
918
876
827
856
818
796
829
841
823
797
879
855
875
792
869
885
857
883
836
814
846
828
806
859
816
807
731
757
788
761
754
705
681
658
700
602
642
655
649
649
643
654
635
637
658
688
573
651
608
583
623
614
595
563
597
631
488
575
531
537
533
557
563
531
505
500
489
500
460
484
461
460
443
466
446
468
450
400
435
420
434
427
389
408
412
373
368
382
371
377
362
404
335
369
340
370
343
362
344
348
333
304
344
293
320
334
323
320
302
313
335
299
288
326
304
313
303
270
297
311
309
297
253
300
258
277
282
264
266
265
244
264
259
266
269
235
271
274
242
254
250
265
271
278
278
287
256
231
270
243
252
248
238
229
256
253
256
277
252
262
244
257
219
251
245
246
236
270
215
230
228
223
258
217
236
227
243
240
260
242
245
245
231
260
243
249
250
231
268
232
239
234
233
216
208
232
228
236
260
232
237
268
218
254
224
241
244
266
248
251
255
220
253
251
285
239
232
268
262
241
249
236
236
240
254
246
230
245
296
289
270
285
243
261
273
259
255
253
263
237
266
261
282
275
281
291
281
286
286
288
311
300
224
246
260
252
220
245
249
251
216
222
217
197
235
215
197
188
184
186
185
212
187
202
199
182
174
195
148
180
185
179
160
162
157
157
155
164
188
160
181
165
159
179
169
161
166
160
148
180
193
149
141
167
173
159
166
148
178
154
196
201
183
218
221
240
209
243
292
302
341
342
387
413
404
441
454
492
501
574
494
491
618
553
617
540
521
527
510
538
470
435
404
400
361
344
296
263
239
241
197
186
169
141
134
101
98
107
96
78
97
75
91
114
126
138
136
144
145
182
204
214
224
247
260
293
303
333
388
350
401
430
428
403
452
460
391
437
411
413
415
375
377
373
348
312
307
288
236
219
180
191
176
142
137
114
101
91
67
59
50
42
46
34
26
25
17
17
24
14
9
11
7
14
15
11
16
8
13
7
8
6
0
0
0
0
0
0
0
0
0
0
0
0
0
0
0
0
<<END>>
