<<PMCA SPECTRUM>>
TAG - live_data
DESCRIPTION - 
GAIN - 1
THRESHOLD - 7
LIVE_MODE - 0
PRESET_TIME - 180
LIVE_TIME - 180.000000
REAL_TIME - 180.066667
START_TIME - 05/07/2021 08:46:01
SERIAL_NUMBER - 4179
<<DATA>>
0
0
0
0
0
0
2
31
45
33
39
48
56
56
45
55
40
60
44
51
45
77
59
97
102
94
122
117
134
130
168
168
161
145
175
161
168
152
146
181
155
187
189
181
173
180
163
155
157
148
164
149
147
157
172
156
164
156
155
147
145
164
137
136
136
142
134
106
133
115
128
130
102
111
119
118
115
104
92
88
107
95
108
93
91
86
89
89
81
67
70
75
59
66
58
70
57
61
48
55
49
60
55
62
60
48
56
51
62
59
55
40
44
54
45
40
45
31
51
44
40
30
49
45
41
36
39
28
44
37
30
31
37
27
31
31
26
27
28
24
32
15
21
28
23
23
25
20
24
30
21
32
21
26
20
18
22
18
25
18
15
15
19
15
27
15
21
19
25
16
16
20
20
20
24
19
12
17
25
15
22
20
19
15
16
10
12
12
11
22
12
17
19
9
16
20
14
8
15
13
16
9
18
16
12
10
16
15
13
17
23
12
13
18
9
18
17
13
16
16
9
13
17
13
16
15
12
12
8
18
17
17
7
6
13
18
11
10
8
8
10
9
9
9
13
8
12
12
11
9
10
7
2
7
8
4
10
4
9
3
5
10
13
3
9
10
9
5
6
6
6
2
8
4
10
5
10
7
7
7
10
8
12
5
4
9
7
5
2
7
9
5
7
10
3
5
6
7
6
6
5
3
3
2
4
9
10
7
3
8
5
4
5
6
5
4
9
3
8
7
6
3
6
7
0
9
5
6
4
6
3
4
3
6
7
6
2
10
3
4
6
5
3
5
3
1
3
7
7
5
4
3
4
2
3
0
5
6
3
4
3
1
2
3
1
4
2
5
2
2
2
4
4
4
1
2
3
3
1
5
1
5
4
11
5
6
5
4
6
6
3
3
7
3
3
1
2
4
3
3
3
3
1
2
3
1
2
3
3
3
1
1
0
1
4
5
4
6
8
0
3
0
1
3
3
0
0
0
1
7
1
0
2
5
4
1
1
1
0
5
3
2
0
1
1
3
0
0
0
3
4
2
4
1
2
3
2
3
1
3
3
2
2
5
5
2
1
1
1
2
2
5
4
3
3
3
3
3
6
2
4
3
9
7
1
5
6
9
1
3
3
8
2
1
7
1
0
0
0
0
0
0
0
0
0
0
0
0
0
0
0
0
<<END>>
