<<PMCA SPECTRUM>>
TAG - live_data
DESCRIPTION - 
GAIN - 1
THRESHOLD - 7
LIVE_MODE - 0
PRESET_TIME - 180
LIVE_TIME - 180.000000
REAL_TIME - 180.920000
START_TIME - 05/07/2021 08:33:04
SERIAL_NUMBER - 4179
<<DATA>>
0
0
0
0
0
0
71
487
532
580
813
1404
3003
4280
3579
2430
1515
960
703
647
602
614
552
652
620
651
657
667
699
734
741
692
744
666
761
790
866
882
868
912
884
965
1032
974
1015
1033
1181
1083
1097
1144
1201
1202
1145
1161
1122
1114
1138
1156
1078
1112
1153
1139
1102
1075
1193
1157
1157
1222
1258
1236
1233
1259
1224
1289
1206
1189
1168
1135
1187
1063
1062
1132
1068
1065
1097
1034
1093
1037
1071
1004
986
993
1015
978
955
922
953
947
950
960
901
915
881
885
852
877
872
892
851
856
777
811
795
778
795
743
750
775
699
740
725
681
658
709
690
641
682
645
636
640
657
623
595
632
573
604
611
571
635
591
589
593
585
566
603
530
555
594
577
591
556
554
583
535
535
525
533
495
466
426
442
430
428
388
366
323
326
261
300
253
217
213
182
220
181
190
163
149
148
140
139
150
127
124
126
99
129
101
82
96
122
86
105
95
84
75
72
84
61
98
84
84
82
86
86
86
106
127
141
184
213
254
312
385
453
591
633
771
885
1057
1248
1401
1604
1748
1897
2018
2259
2258
2339
2344
2311
2239
2134
1977
1933
1738
1535
1408
1280
1020
872
726
576
453
389
296
228
171
112
84
83
53
44
26
21
14
13
13
8
11
13
12
13
9
6
4
16
10
7
7
9
7
6
9
10
7
3
7
8
3
5
14
6
6
7
6
9
11
3
8
4
7
9
12
5
6
6
8
4
7
4
9
5
7
9
7
9
6
6
3
6
4
10
6
10
7
3
3
4
7
11
7
2
3
4
5
6
9
11
4
7
5
3
10
7
6
7
4
4
7
7
3
5
5
5
4
2
8
4
3
3
3
4
4
2
3
2
6
6
3
4
6
9
7
1
1
3
9
2
5
8
4
6
1
5
3
2
5
4
6
2
5
5
5
3
6
3
6
5
4
5
5
3
2
4
6
4
4
0
2
4
6
2
3
4
7
2
4
5
2
5
3
0
6
2
2
3
6
1
4
1
2
1
2
1
2
1
2
1
2
2
2
2
2
6
2
4
4
3
1
3
2
2
1
3
6
3
2
1
2
0
2
1
1
1
3
1
2
3
2
2
3
1
0
2
1
4
4
4
3
3
2
5
3
3
2
3
7
6
6
2
5
9
3
6
2
4
3
6
3
3
3
6
1
5
1
0
0
0
0
0
0
0
0
0
0
0
0
0
0
0
0
<<END>>
