<<PMCA SPECTRUM>>
TAG - live_data
DESCRIPTION - 
GAIN - 1
THRESHOLD - 7
LIVE_MODE - 0
PRESET_TIME - 180
LIVE_TIME - 180.000000
REAL_TIME - 182.106667
START_TIME - 05/07/2021 08:51:38
SERIAL_NUMBER - 4179
<<DATA>>
0
0
0
0
1
0
106
717
822
1406
4728
18004
41134
48537
33848
18133
8606
3705
1925
1527
1811
2156
2293
2207
2182
2153
2232
2679
3446
4890
7570
10407
12453
12050
9292
6142
3502
2101
1555
1331
1264
1241
1280
1380
1378
1506
1568
1468
1447
1451
1498
1476
1534
1599
1584
1657
1705
1777
1805
1802
1787
1834
1726
1700
1729
1660
1642
1664
1657
1634
1633
1589
1565
1518
1515
1441
1460
1434
1467
1439
1294
1279
1305
1203
1215
1196
1061
1119
1041
983
984
1051
1034
1066
1111
1135
1206
1297
1363
1476
1507
1595
1614
1727
1764
1877
1938
2001
2014
1884
1909
1756
1582
1514
1405
1344
1319
1407
1552
1791
2101
2388
2839
3172
3543
3770
3890
4117
4068
3864
3657
3302
2967
2687
2322
1927
1717
1414
1215
966
804
756
630
497
417
370
280
254
210
191
146
124
121
99
91
95
108
84
97
89
105
79
87
89
70
66
49
53
60
41
35
34
35
23
25
21
23
24
20
21
22
21
22
19
16
22
24
9
20
17
12
13
20
15
11
22
16
15
17
14
17
12
14
9
26
16
14
12
10
7
20
16
16
11
16
14
16
17
11
18
15
18
17
14
14
13
22
19
15
4
20
17
15
22
21
16
14
11
18
12
5
11
10
7
12
11
15
5
13
6
11
8
6
7
5
7
8
10
8
5
8
6
7
11
7
6
6
6
3
5
4
3
8
2
1
7
9
2
11
6
7
6
5
5
3
9
11
1
6
9
5
2
4
7
6
8
2
7
7
4
6
3
5
7
6
7
3
6
3
4
7
4
1
4
6
5
9
5
7
8
5
3
8
5
9
6
4
2
11
5
5
2
9
4
3
6
7
3
3
5
3
4
3
1
5
2
3
2
3
1
4
5
4
4
2
4
5
5
3
3
1
5
4
8
0
2
2
4
3
3
5
5
5
4
2
6
4
1
3
5
0
4
3
1
6
3
2
6
5
5
3
5
3
2
3
4
3
4
1
5
3
4
7
1
2
1
3
5
5
1
1
4
3
2
4
7
1
3
3
5
2
3
1
2
1
3
5
1
1
2
3
5
1
2
2
1
2
4
2
2
1
3
2
0
1
3
0
2
2
1
1
1
1
1
0
3
2
2
2
1
2
2
3
3
2
2
3
3
2
7
1
3
2
0
3
2
3
2
0
4
1
5
6
4
4
5
4
2
2
5
6
3
4
2
3
3
0
0
0
0
0
0
0
0
0
0
0
0
0
0
0
0
<<END>>
