<<PMCA SPECTRUM>>
TAG - live_data
DESCRIPTION - 
GAIN - 1
THRESHOLD - 7
LIVE_MODE - 0
PRESET_TIME - 180
LIVE_TIME - 180.000000
REAL_TIME - 180.666667
START_TIME - 05/07/2021 08:38:42
SERIAL_NUMBER - 4179
<<DATA>>
0
0
0
0
0
0
45
349
398
423
421
385
434
446
440
421
420
403
464
460
402
459
468
511
470
453
482
508
532
515
575
574
554
581
554
662
669
675
680
672
730
818
720
772
788
824
857
844
810
913
888
884
960
905
870
941
902
949
820
871
949
943
947
960
987
961
971
952
979
967
972
923
901
918
894
883
875
892
873
868
867
876
848
813
833
810
839
818
801
795
777
781
745
749
732
746
774
751
727
716
681
677
692
675
658
665
690
670
615
653
576
548
568
588
582
563
522
522
488
472
468
428
413
430
368
317
343
316
302
321
305
289
302
273
280
289
273
288
246
251
212
250
214
207
222
197
170
199
198
172
175
192
198
180
162
188
175
199
189
196
197
215
261
286
352
402
460
567
636
788
931
1074
1172
1363
1506
1620
1688
1772
1781
1829
1817
1773
1738
1535
1417
1243
1088
978
831
646
541
463
365
295
238
216
155
133
137
118
89
82
79
95
90
92
68
79
79
66
89
72
85
79
92
79
81
66
71
79
69
72
73
54
80
86
83
85
79
74
74
78
60
81
73
79
84
65
89
68
66
58
73
75
74
63
62
69
63
72
69
58
50
67
86
66
72
62
64
66
58
65
69
65
65
64
68
70
69
71
75
81
82
61
52
63
68
63
66
55
69
71
65
66
61
62
56
73
68
74
75
60
63
56
53
71
62
77
78
51
58
57
57
59
45
69
72
64
78
64
49
64
56
59
88
69
75
81
69
69
55
73
72
69
61
74
67
65
69
75
60
62
74
76
58
62
58
76
73
62
71
60
58
67
69
60
75
64
65
78
65
54
62
51
53
54
38
55
41
40
36
49
29
36
38
43
41
24
36
29
32
23
34
32
42
37
16
22
22
22
18
24
26
19
15
24
18
18
17
24
14
19
23
17
22
13
20
27
25
22
27
33
33
32
30
36
38
43
45
67
54
71
67
76
93
85
114
131
131
144
139
145
162
186
195
219
221
194
220
218
219
227
225
224
203
216
184
167
166
153
138
141
110
128
80
85
81
74
47
50
57
35
33
31
33
19
22
20
17
8
12
16
10
11
6
8
6
9
6
8
11
10
6
7
8
11
10
11
9
6
4
6
10
6
11
9
12
7
7
5
7
14
15
7
6
8
0
0
0
0
0
0
0
0
0
0
0
0
0
0
0
0
<<END>>
